-51.00 -51.00 -51.00 -51.00 -51.00 -51.00 -51.00 -51.00 -51.00 -51.00 -51.00 -51.00 -51.00 -51.00 -51.00 -51.00 -51.00 -51.00 -51.00 -51.00 -51.00 -51.00 -51.00 -51.00 -51.00 -51.00 -51.00
-51.00 -51.00 -51.00 -51.00 -51.00 -51.00 -51.00 -51.00 -51.00 -51.00 -51.00 -51.00 -51.00 -51.00 -51.00 -51.00 -51.00 -51.00 -51.00 -51.00 -51.00 -51.00 -51.00 -51.00 -51.00 -51.00 -51.00
-51.00 -51.00 -51.00 -51.00 -51.00 -51.00 -51.00 -51.00 -51.00 -51.00 -51.00 -51.00 -51.00 -51.00 -51.00 -51.00 -51.00 -51.00 -51.00 -51.00 -51.00 -51.00 -51.00 -51.00 -51.00 -51.00 -51.00
-51.00 -51.00 -51.00 -51.00 -51.00 -51.00 -51.00 -51.00 -51.00 -51.00 -51.00 -51.00 -51.00 -51.00 -51.00 -51.00 -51.00 -51.00 -51.00 -51.00 -51.00 -51.00 -51.00 -51.00 -51.00 -51.00 -51.00
-51.00 -51.00 -51.00 -51.00 -51.00 -51.00 -51.00 -51.00 -51.00 -51.00 -51.00 -51.00 -51.00 -51.00 -51.00 -51.00 -51.00 -51.00 -51.00 -51.00 -51.00 -51.00 -51.00 -51.00 -51.00 -51.00 -51.00
-51.00 -51.00 -51.00 -51.00 -51.00 -51.00 -51.00 -51.00 -51.00 -51.00 -51.00 -51.00 -51.00 -51.00 -51.00 -51.00 -51.00 -51.00 -51.00 -51.00 -51.00 -51.00 -51.00 -51.00 -51.00 -51.00 -51.00
-51.00 -51.00 -51.00 -51.00 -51.00 -51.00 -51.00 -51.00 -51.00 -51.00 -51.00 -51.00 -51.00 -51.00 -51.00 -51.00 -51.00 -51.00 -51.00 -51.00 -51.00 -51.00 -51.00 -51.00 -51.00 -51.00 -51.00
-51.00 -51.00 -51.00 -51.00 -51.00 -51.00 -51.00 -51.00 -51.00 -51.00 -51.00 -51.00 -51.00 -51.00 -51.00 -51.00 -51.00 -51.00 -51.00 -51.00 -51.00 -51.00 -51.00 -51.00 -51.00 -51.00 -51.00
-51.00 -51.00 -51.00 -51.00 -51.00 -51.00 -51.00 -51.00 -51.00 -51.00 -51.00 -51.00 -51.00 -51.00 -51.00 -51.00 -51.00 -51.00 -51.00 -51.00 -51.00 -51.00 -51.00 -51.00 -51.00 -51.00 -51.00
-51.00 -51.00 -51.00 -51.00 -51.00 -51.00 -51.00 -51.00 -51.00 -51.00 -51.00 -51.00 -51.00 -51.00 -51.00 -51.00 -51.00 -51.00 -51.00 -51.00 -51.00 -51.00 -51.00 -51.00 -51.00 -51.00 -51.00
-51.00 -51.00 -51.00 -51.00 -51.00 -51.00 -51.00 -51.00 -51.00 -51.00 -51.00 -51.00 -51.00 -51.00 -51.00 -51.00 -51.00 -51.00 -51.00 -51.00 -51.00 -51.00 -51.00 -51.00 -51.00 -51.00 -51.00
-51.00 -51.00 -51.00 -51.00 -51.00 -51.00 -51.00 -51.00 -51.00 -51.00 -51.00 -51.00 -51.00 -51.00 -51.00 -51.00 -51.00 -51.00 -51.00 -51.00 -51.00 -51.00 -51.00 -51.00 -51.00 -51.00 -51.00
-51.00 -51.00 -51.00 -51.00 -51.00 -51.00 -51.00 -51.00 -51.00 -51.00 -51.00 -51.00 -51.00 -51.00 -51.00 -51.00 -51.00 -51.00 -51.00 -51.00 -51.00 -51.00 -51.00 -51.00 -51.00 -51.00 -51.00
-51.00 -51.00 -51.00 -51.00 -51.00 -51.00 -51.00 -51.00 -51.00 -51.00 -51.00 -51.00 -51.00 -51.00 -51.00 -51.00 -51.00 -51.00 -51.00 -51.00 -51.00 -51.00 -51.00 -51.00 -51.00 -51.00 -51.00
-51.00 -51.00 -51.00 -51.00 -51.00 -51.00 -51.00 -51.00 -51.00 -51.00 -51.00 -51.00 -51.00 -51.00 -51.00 -51.00 -51.00 -51.00 -51.00 -51.00 -51.00 -51.00 -51.00 -51.00 -51.00 -51.00 -51.00
-51.00 -51.00 -51.00 -51.00 -51.00 -51.00 -51.00 -51.00 -51.00 -51.00 -51.00 -51.00 -51.00 -51.00 -51.00 -51.00 -51.00 -51.00 -51.00 -51.00 -51.00 -51.00 -51.00 -51.00 -51.00 -51.00 -51.00
-51.00 -51.00 -51.00 -51.00 -51.00 -51.00 -51.00 -51.00 -51.00 -51.00 -51.00 -51.00 -51.00 -51.00 -51.00 -51.00 -51.00 -51.00 -51.00 -51.00 -51.00 -51.00 -51.00 -51.00 -51.00 -51.00 -51.00
-51.00 -51.00 -51.00 -51.00 -51.00 -51.00 -51.00 -51.00 -51.00 -51.00 -51.00 -51.00 -51.00 -51.00 -51.00 -51.00 -51.00 -51.00 -51.00 -51.00 -51.00 -51.00 -51.00 -51.00 -51.00 -51.00 -51.00
-51.00 -51.00 -51.00 -51.00 -51.00 -51.00 -51.00 -51.00 -51.00 -51.00 -51.00 -51.00 -51.00 -51.00 -51.00 -51.00 -51.00 -51.00 -51.00 -51.00 -51.00 -51.00 -51.00 -51.00 -51.00 -51.00 -51.00
-51.00 -51.00 -51.00 -51.00 -51.00 -51.00 -51.00 -51.00 -51.00 -51.00 -51.00 -51.00 -51.00 -51.00 -51.00 -51.00 -51.00 -51.00 -51.00 -51.00 -51.00 -51.00 -51.00 -51.00 -51.00 -51.00 -51.00
-51.00 -51.00 -51.00 -51.00 -51.00 -51.00 -51.00 -51.00 -51.00 -51.00 -51.00 -51.00 -51.00 -51.00 -51.00 -51.00 -51.00 -51.00 -51.00 -51.00 -51.00 -51.00 -51.00 -51.00 -51.00 -51.00 -51.00
-51.00 -51.00 -51.00 -51.00 -51.00 -51.00 -51.00 -51.00 -51.00 -51.00 -51.00 -51.00 -51.00 -51.00 -51.00 -51.00 -51.00 -51.00 -51.00 -51.00 -51.00 -51.00 -51.00 -51.00 -51.00 -51.00 -51.00
-51.00 -51.00 -51.00 -51.00 -51.00 -51.00 -51.00 -51.00 -51.00 -51.00 -51.00 -51.00 -51.00 -51.00 -51.00 -51.00 -51.00 -51.00 -51.00 -51.00 -51.00 -51.00 -51.00 -51.00 -51.00 -51.00 -51.00
-51.00 -51.00 -51.00 -51.00 -51.00 -51.00 -51.00 -51.00 -51.00 -51.00 -51.00 -51.00 -51.00 -51.00 -51.00 -51.00 -51.00 -51.00 -51.00 -51.00 -51.00 -51.00 -51.00 -51.00 -51.00 -51.00 -51.00
-51.00 -51.00 -51.00 -51.00 -51.00 -51.00 -51.00 -51.00 -51.00 -51.00 -51.00 -51.00 -51.00 -51.00 -51.00 -51.00 -51.00 -51.00 -51.00 -51.00 -51.00 -51.00 -51.00 -51.00 -51.00 -51.00 -51.00
-51.00 -51.00 -51.00 -51.00 -51.00 -51.00 -51.00 -51.00 -51.00 -51.00 -51.00 -51.00 -51.00 -51.00 -51.00 -51.00 -51.00 -51.00 -51.00 -51.00 -51.00 -51.00 -51.00 -51.00 -51.00 -51.00 -51.00
-51.00 -51.00 -51.00 -51.00 -51.00 -51.00 -51.00 -51.00 -51.00 -51.00 -51.00 -51.00 -51.00 -51.00 -51.00 -51.00 -51.00 -51.00 -51.00 -51.00 -51.00 -51.00 -51.00 -51.00 -51.00 -51.00 -51.00
