                          Calibration Exercise

                        Streamflow Measurements



 
  row    gain   discharge
-------------------------
   23    52061.    52061.
   24    44341.    96402.  (Gage 2 at Pollock's Ford)
   25    61059.   157461.
   26    67748.   225209.
   27    61645.   286854.
   28    53750.   340604.
   29    53147.   393751.
   30    47694.   441444.
   31    43544.   484988.
   32    42515.   527503.
   33    43815.   571318.
   34    43419.   614737.
   35    49668.   664405.
   36    46322.   710727.
   37    43166.   753893.
   38    43210.   797103.
   39    40799.   837902.
   40    46592.   884494.  (Gage 1 at downstream valley wall)
